Total pixels count: 130467

repeat      count
-------     --------
1           129306
2           579
3           1

pixels repating 3 times:
---------------------------------------
position(x,y)        color(r,g,b)
--------------       -------------
(457, 106)           (115, 124, 4)
(137, 156)           (115, 124, 4)
(176, 252)           (115, 124, 4)


pixels repeating 2 times:
--------------------------------------
position(x,y)        color(r,g,b)
--------------       -------------
(9, 0)               (74, 141, 241)
(27, 0)              (178, 78, 99)
(53, 0)              (18, 235, 116)
(267, 0)             (220, 71, 88)
(50, 1)              (136, 74, 57)
(196, 1)             (185, 44, 86)
(36, 2)              (94, 248, 238)
(151, 2)             (240, 22, 164)
(287, 2)             (216, 183, 158)
(386, 2)             (158, 190, 237)
(399, 2)             (62, 86, 84)
(109, 3)             (90, 73, 118)
(127, 3)             (188, 200, 239)
(138, 3)             (122, 7, 36)
(231, 3)             (48, 93, 20)
(265, 3)             (210, 65, 113)
(429, 3)             (171, 103, 213)
(169, 4)             (123, 10, 75)
(228, 4)             (175, 216, 224)
(229, 4)             (152, 91, 242)
(334, 4)             (36, 242, 17)
(180, 5)             (134, 1, 149)
(206, 5)             (137, 158, 119)
(352, 5)             (122, 207, 45)
(371, 5)             (46, 106, 17)
(435, 5)             (29, 195, 15)
(78, 6)              (64, 64, 161)
(251, 6)             (232, 200, 68)
(376, 6)             (240, 213, 233)
(219, 7)             (103, 242, 196)
(67, 8)              (158, 200, 138)
(203, 8)             (156, 228, 226)
(277, 8)             (24, 219, 3)
(356, 8)             (181, 185, 194)
(70, 9)              (114, 238, 173)
(78, 9)              (245, 211, 131)
(82, 9)              (84, 223, 174)
(94, 10)             (134, 224, 89)
(381, 10)            (156, 228, 226)
(213, 11)            (8, 87, 4)
(277, 11)            (5, 46, 50)
(400, 11)            (44, 209, 168)
(413, 11)            (23, 198, 41)
(240, 12)            (169, 34, 160)
(266, 12)            (142, 71, 21)
(272, 12)            (110, 87, 102)
(289, 12)            (218, 235, 157)
(65, 13)             (247, 130, 202)
(143, 13)            (23, 198, 41)
(171, 13)            (89, 5, 134)
(321, 13)            (213, 93, 188)
(405, 13)            (66, 57, 9)
(331, 14)            (42, 92, 185)
(216, 15)            (85, 123, 184)
(332, 15)            (217, 193, 143)
(424, 15)            (56, 198, 219)
(435, 15)            (205, 146, 56)
(443, 15)            (121, 231, 236)
(462, 15)            (145, 225, 44)
(109, 16)            (92, 32, 33)
(291, 16)            (94, 138, 164)
(318, 16)            (42, 211, 123)
(411, 16)            (139, 81, 4)
(248, 17)            (110, 102, 109)
(251, 17)            (32, 0, 4)
(258, 17)            (115, 40, 128)
(298, 17)            (217, 73, 56)
(313, 17)            (220, 190, 165)
(436, 17)            (184, 122, 38)
(63, 18)             (217, 250, 15)
(88, 18)             (176, 204, 70)
(224, 18)            (101, 105, 38)
(261, 18)            (93, 203, 65)
(279, 18)            (244, 49, 4)
(5, 19)              (215, 9, 167)
(48, 19)             (221, 87, 226)
(79, 19)             (232, 165, 34)
(83, 19)             (159, 82, 186)
(184, 19)            (42, 35, 200)
(276, 19)            (152, 244, 223)
(346, 19)            (220, 71, 88)
(350, 19)            (29, 46, 84)
(374, 19)            (44, 209, 168)
(15, 20)             (64, 64, 161)
(54, 20)             (190, 219, 5)
(108, 20)            (194, 75, 4)
(206, 20)            (38, 151, 199)
(301, 20)            (37, 152, 211)
(327, 20)            (166, 160, 228)
(415, 20)            (139, 240, 26)
(433, 20)            (60, 72, 169)
(154, 21)            (35, 235, 113)
(318, 21)            (125, 205, 14)
(424, 21)            (131, 219, 177)
(463, 21)            (219, 186, 102)
(20, 22)             (88, 109, 1)
(51, 22)             (75, 112, 4)
(393, 22)            (29, 236, 237)
(446, 22)            (163, 224, 108)
(186, 23)            (26, 9, 55)
(271, 23)            (2, 152, 48)
(410, 23)            (131, 67, 165)
(86, 24)             (54, 19, 127)
(105, 24)            (247, 56, 168)
(122, 24)            (118, 68, 43)
(143, 24)            (76, 164, 208)
(279, 24)            (121, 237, 56)
(371, 24)            (127, 17, 235)
(42, 25)             (100, 95, 245)
(59, 25)             (112, 247, 59)
(65, 25)             (80, 165, 254)
(139, 25)            (222, 249, 107)
(246, 25)            (187, 154, 58)
(463, 25)            (126, 119, 1)
(282, 26)            (166, 117, 159)
(346, 26)            (90, 73, 118)
(370, 26)            (219, 186, 102)
(63, 27)             (156, 5, 157)
(184, 27)            (175, 1, 39)
(288, 27)            (104, 78, 108)
(292, 27)            (208, 129, 142)
(41, 28)             (8, 110, 199)
(47, 28)             (112, 92, 148)
(73, 28)             (94, 248, 238)
(149, 28)            (81, 6, 157)
(223, 28)            (71, 39, 72)
(347, 28)            (114, 159, 192)
(356, 28)            (131, 63, 85)
(467, 29)            (72, 74, 202)
(258, 30)            (115, 164, 123)
(304, 30)            (131, 67, 165)
(86, 31)             (215, 151, 120)
(109, 31)            (149, 209, 69)
(140, 31)            (205, 87, 192)
(257, 31)            (8, 15, 249)
(297, 31)            (148, 109, 106)
(335, 31)            (144, 90, 79)
(117, 32)            (181, 11, 26)
(196, 32)            (179, 136, 216)
(238, 32)            (177, 177, 117)
(69, 33)             (175, 229, 31)
(75, 33)             (206, 253, 103)
(276, 33)            (117, 89, 41)
(0, 34)              (181, 185, 194)
(186, 34)            (71, 39, 72)
(188, 34)            (80, 220, 250)
(217, 34)            (98, 206, 237)
(302, 34)            (183, 222, 21)
(304, 34)            (86, 134, 46)
(323, 34)            (120, 138, 115)
(370, 34)            (43, 186, 81)
(213, 35)            (89, 35, 215)
(235, 35)            (48, 199, 104)
(166, 36)            (133, 80, 80)
(272, 36)            (114, 143, 144)
(31, 37)             (36, 242, 17)
(60, 37)             (185, 58, 167)
(295, 37)            (96, 220, 110)
(356, 37)            (44, 28, 1)
(393, 37)            (89, 5, 134)
(439, 37)            (86, 69, 223)
(176, 38)            (190, 156, 23)
(290, 38)            (8, 222, 21)
(315, 38)            (129, 108, 98)
(350, 38)            (102, 33, 91)
(440, 38)            (21, 234, 182)
(25, 39)             (133, 208, 11)
(395, 39)            (16, 77, 108)
(452, 39)            (74, 19, 245)
(106, 40)            (206, 253, 103)
(108, 41)            (173, 44, 228)
(138, 41)            (62, 23, 180)
(207, 41)            (230, 38, 30)
(306, 41)            (32, 52, 178)
(310, 41)            (188, 109, 138)
(444, 41)            (164, 92, 230)
(54, 42)             (114, 142, 51)
(134, 42)            (251, 123, 211)
(151, 42)            (76, 162, 254)
(207, 42)            (148, 109, 106)
(310, 42)            (170, 34, 154)
(325, 42)            (117, 23, 246)
(356, 42)            (204, 56, 143)
(35, 43)             (218, 122, 82)
(49, 43)             (80, 160, 5)
(214, 43)            (249, 32, 52)
(452, 44)            (143, 23, 214)
(461, 44)            (158, 200, 138)
(26, 45)             (237, 150, 170)
(27, 45)             (51, 65, 4)
(199, 45)            (182, 110, 0)
(224, 45)            (208, 129, 142)
(409, 45)            (83, 197, 245)
(24, 46)             (228, 36, 180)
(136, 46)            (158, 153, 4)
(201, 46)            (35, 222, 162)
(277, 46)            (227, 220, 181)
(377, 46)            (247, 130, 202)
(202, 47)            (143, 162, 98)
(353, 47)            (250, 195, 197)
(42, 48)             (247, 164, 61)
(136, 48)            (46, 98, 153)
(212, 48)            (227, 220, 181)
(268, 48)            (254, 175, 19)
(273, 48)            (2, 152, 48)
(289, 48)            (3, 100, 113)
(88, 49)             (206, 32, 251)
(419, 49)            (133, 151, 217)
(443, 49)            (7, 79, 185)
(66, 50)             (41, 221, 10)
(134, 50)            (13, 206, 132)
(145, 50)            (61, 110, 106)
(160, 50)            (118, 22, 155)
(340, 50)            (213, 37, 200)
(461, 50)            (138, 127, 227)
(10, 51)             (122, 220, 56)
(100, 51)            (124, 89, 4)
(203, 51)            (208, 48, 220)
(219, 51)            (76, 138, 94)
(225, 51)            (104, 78, 108)
(424, 51)            (3, 100, 113)
(442, 51)            (177, 93, 140)
(5, 52)              (232, 7, 250)
(63, 53)             (83, 161, 133)
(120, 53)            (88, 18, 4)
(171, 53)            (219, 187, 127)
(467, 53)            (194, 167, 30)
(153, 54)            (213, 248, 203)
(192, 54)            (49, 62, 186)
(202, 54)            (74, 19, 245)
(409, 54)            (76, 139, 78)
(437, 54)            (204, 66, 32)
(29, 55)             (101, 147, 140)
(142, 55)            (8, 93, 212)
(277, 55)            (10, 222, 39)
(279, 55)            (184, 124, 4)
(322, 55)            (44, 28, 1)
(370, 55)            (178, 78, 99)
(445, 55)            (153, 254, 0)
(458, 55)            (4, 234, 229)
(59, 57)             (160, 87, 171)
(270, 57)            (100, 206, 168)
(307, 57)            (130, 185, 183)
(434, 57)            (17, 141, 20)
(38, 58)             (144, 99, 245)
(51, 58)             (77, 79, 198)
(115, 58)            (107, 105, 4)
(130, 58)            (230, 38, 30)
(290, 58)            (175, 229, 31)
(304, 58)            (210, 88, 151)
(454, 59)            (149, 121, 184)
(383, 60)            (206, 215, 16)
(408, 60)            (137, 170, 4)
(21, 61)             (12, 164, 218)
(46, 61)             (202, 210, 20)
(64, 61)             (193, 166, 250)
(139, 61)            (253, 226, 9)
(142, 61)            (151, 86, 68)
(193, 61)            (148, 254, 14)
(254, 61)            (107, 83, 226)
(345, 61)            (148, 254, 14)
(421, 61)            (80, 10, 132)
(3, 62)              (96, 107, 248)
(43, 62)             (16, 83, 85)
(194, 62)            (205, 168, 71)
(267, 62)            (47, 123, 187)
(304, 62)            (109, 127, 214)
(436, 62)            (38, 151, 199)
(63, 63)             (58, 85, 4)
(90, 63)             (19, 212, 172)
(156, 63)            (30, 242, 4)
(358, 63)            (85, 170, 29)
(343, 64)            (234, 194, 32)
(461, 64)            (117, 89, 41)
(176, 65)            (119, 54, 210)
(376, 65)            (77, 126, 108)
(394, 65)            (252, 172, 103)
(442, 65)            (66, 57, 9)
(458, 65)            (37, 152, 211)
(182, 66)            (114, 153, 143)
(79, 67)             (75, 210, 25)
(153, 67)            (80, 234, 191)
(221, 67)            (191, 190, 212)
(222, 67)            (219, 83, 4)
(354, 67)            (6, 27, 217)
(357, 67)            (164, 92, 230)
(19, 68)             (214, 192, 241)
(187, 68)            (92, 241, 189)
(239, 68)            (115, 164, 123)
(294, 68)            (138, 84, 221)
(301, 68)            (32, 0, 4)
(366, 68)            (10, 125, 21)
(244, 69)            (243, 191, 1)
(361, 69)            (254, 175, 19)
(405, 69)            (192, 249, 29)
(65, 70)             (178, 8, 207)
(151, 70)            (124, 44, 131)
(271, 70)            (53, 126, 223)
(345, 70)            (164, 231, 234)
(385, 70)            (34, 14, 198)
(416, 70)            (20, 99, 10)
(127, 71)            (220, 5, 205)
(405, 71)            (185, 64, 73)
(46, 72)             (114, 197, 211)
(81, 72)             (213, 93, 188)
(308, 72)            (127, 17, 235)
(353, 72)            (228, 36, 180)
(65, 73)             (223, 159, 155)
(125, 73)            (188, 82, 188)
(244, 73)            (188, 109, 138)
(384, 73)            (229, 8, 140)
(403, 73)            (7, 42, 101)
(245, 74)            (192, 17, 4)
(427, 74)            (147, 193, 140)
(14, 75)             (244, 198, 212)
(171, 75)            (60, 233, 35)
(283, 75)            (187, 154, 58)
(346, 75)            (103, 242, 196)
(82, 76)             (124, 89, 4)
(144, 76)            (115, 224, 242)
(43, 77)             (220, 5, 205)
(80, 77)             (185, 64, 73)
(87, 77)             (4, 71, 248)
(167, 77)            (97, 253, 125)
(176, 77)            (241, 217, 113)
(240, 77)            (157, 174, 98)
(400, 77)            (96, 163, 98)
(31, 78)             (191, 140, 44)
(320, 78)            (195, 167, 165)
(195, 79)            (77, 126, 108)
(277, 79)            (152, 244, 223)
(322, 79)            (197, 84, 164)
(398, 79)            (170, 34, 154)
(412, 79)            (50, 129, 228)
(0, 80)              (72, 230, 77)
(309, 80)            (42, 97, 169)
(407, 80)            (112, 247, 59)
(57, 81)             (75, 210, 25)
(84, 81)             (8, 15, 249)
(124, 81)            (188, 239, 150)
(156, 81)            (245, 233, 127)
(385, 81)            (88, 18, 4)
(347, 82)            (250, 40, 229)
(370, 82)            (245, 135, 183)
(201, 83)            (23, 51, 14)
(347, 83)            (153, 254, 0)
(378, 83)            (96, 176, 184)
(27, 84)             (24, 89, 165)
(376, 84)            (108, 219, 254)
(30, 85)             (131, 63, 85)
(32, 85)             (216, 152, 11)
(71, 85)             (92, 79, 145)
(91, 85)             (88, 109, 1)
(192, 85)            (48, 188, 185)
(275, 85)            (204, 66, 32)
(290, 85)            (48, 93, 20)
(35, 86)             (48, 33, 194)
(102, 86)            (164, 3, 163)
(224, 86)            (88, 129, 190)
(308, 86)            (146, 157, 4)
(316, 86)            (8, 87, 4)
(326, 86)            (86, 33, 19)
(462, 86)            (49, 73, 56)
(60, 87)             (152, 43, 159)
(371, 87)            (149, 90, 193)
(443, 87)            (228, 226, 73)
(455, 87)            (27, 189, 10)
(46, 88)             (228, 46, 4)
(150, 88)            (145, 62, 110)
(171, 88)            (151, 180, 80)
(458, 88)            (23, 202, 4)
(463, 88)            (219, 88, 60)
(9, 89)              (138, 80, 47)
(114, 89)            (245, 211, 131)
(275, 89)            (30, 48, 0)
(299, 89)            (122, 207, 45)
(333, 89)            (51, 65, 4)
(14, 90)             (75, 70, 4)
(127, 90)            (116, 39, 4)
(241, 90)            (122, 188, 55)
(453, 90)            (70, 195, 2)
(86, 91)             (110, 102, 109)
(426, 91)            (54, 19, 127)
(165, 92)            (203, 166, 231)
(445, 92)            (114, 197, 211)
(98, 93)             (78, 73, 240)
(228, 93)            (202, 122, 146)
(400, 93)            (192, 1, 8)
(434, 93)            (158, 153, 4)
(466, 93)            (42, 211, 123)
(55, 94)             (16, 77, 108)
(78, 94)             (130, 185, 183)
(451, 94)            (67, 225, 249)
(18, 95)             (108, 75, 189)
(99, 95)             (185, 44, 86)
(161, 95)            (138, 84, 221)
(217, 95)            (166, 159, 166)
(257, 95)            (235, 79, 115)
(324, 95)            (11, 142, 4)
(348, 95)            (227, 119, 91)
(413, 95)            (8, 110, 199)
(420, 95)            (206, 5, 230)
(26, 96)             (100, 95, 245)
(137, 96)            (47, 112, 223)
(218, 96)            (199, 75, 98)
(257, 96)            (223, 24, 129)
(363, 96)            (168, 193, 4)
(441, 96)            (141, 171, 137)
(460, 96)            (56, 67, 4)
(4, 97)              (42, 92, 185)
(45, 97)             (157, 222, 66)
(79, 97)             (4, 71, 248)
(159, 97)            (84, 36, 126)
(246, 97)            (84, 36, 126)
(444, 97)            (52, 209, 208)
(43, 98)             (204, 163, 102)
(58, 98)             (127, 185, 147)
(133, 98)            (60, 72, 169)
(340, 98)            (185, 58, 167)
(394, 98)            (114, 143, 144)
(431, 98)            (106, 134, 84)
(16, 99)             (93, 117, 93)
(39, 99)             (160, 87, 171)
(134, 99)            (177, 177, 117)
(158, 99)            (52, 117, 30)
(280, 99)            (36, 203, 122)
(361, 99)            (148, 25, 187)
(85, 100)            (47, 112, 223)
(224, 100)           (67, 244, 28)
(279, 100)           (33, 143, 4)
(323, 100)           (40, 41, 20)
(328, 100)           (120, 201, 4)
(402, 100)           (23, 51, 14)
(434, 100)           (197, 47, 62)
(219, 101)           (24, 219, 3)
(373, 101)           (146, 157, 4)
(419, 101)           (224, 67, 83)
(278, 102)           (32, 151, 117)
(198, 103)           (212, 132, 232)
(295, 103)           (152, 2, 207)
(410, 103)           (134, 1, 149)
(443, 103)           (55, 82, 145)
(80, 104)            (93, 85, 21)
(245, 104)           (192, 17, 4)
(252, 104)           (45, 129, 246)
(362, 104)           (249, 237, 226)
(391, 104)           (217, 193, 143)
(3, 105)             (101, 241, 203)
(25, 105)            (80, 234, 191)
(80, 105)            (30, 150, 131)
(150, 105)           (201, 14, 89)
(173, 105)           (85, 170, 29)
(188, 105)           (229, 59, 92)
(336, 105)           (179, 136, 216)
(465, 105)           (216, 183, 158)
(75, 106)            (13, 232, 4)
(319, 106)           (114, 153, 143)
(459, 106)           (21, 234, 182)
(109, 107)           (7, 63, 103)
(120, 107)           (76, 162, 254)
(178, 107)           (56, 208, 201)
(283, 107)           (155, 128, 74)
(302, 107)           (125, 129, 31)
(464, 107)           (83, 197, 245)
(10, 108)            (193, 166, 250)
(181, 108)           (91, 50, 132)
(248, 108)           (41, 152, 205)
(335, 108)           (175, 1, 39)
(59, 109)            (163, 6, 240)
(200, 109)           (169, 171, 21)
(351, 109)           (232, 7, 250)
(402, 109)           (72, 230, 77)
(115, 110)           (218, 23, 122)
(180, 110)           (38, 167, 4)
(282, 110)           (171, 241, 112)
(404, 110)           (114, 143, 174)
(68, 111)            (244, 70, 55)
(117, 111)           (52, 207, 253)
(371, 111)           (108, 165, 17)
(389, 111)           (233, 221, 210)
(451, 111)           (107, 105, 4)
(29, 112)            (120, 68, 253)
(45, 112)            (205, 146, 56)
(169, 112)           (142, 71, 21)
(251, 112)           (92, 241, 189)
(306, 112)           (29, 46, 84)
(339, 112)           (229, 151, 133)
(340, 112)           (32, 151, 117)
(98, 113)            (35, 235, 113)
(147, 113)           (235, 50, 77)
(469, 113)           (188, 33, 36)
(143, 114)           (152, 2, 207)
(247, 114)           (48, 199, 104)
(420, 114)           (214, 192, 241)
(437, 114)           (124, 59, 174)
(55, 115)            (213, 50, 214)
(86, 115)            (161, 165, 120)
(103, 115)           (74, 31, 103)
(140, 115)           (68, 218, 57)
(316, 115)           (241, 94, 87)
(213, 116)           (12, 12, 170)
(292, 116)           (120, 201, 4)
(342, 116)           (146, 74, 191)
(409, 116)           (152, 91, 242)
(167, 117)           (244, 70, 55)
(265, 117)           (85, 127, 27)
(388, 117)           (158, 190, 237)
(412, 117)           (88, 128, 86)
(455, 117)           (165, 26, 102)
(15, 118)            (198, 116, 109)
(23, 118)            (7, 42, 101)
(349, 118)           (24, 4, 179)
(188, 119)           (168, 201, 4)
(243, 119)           (206, 93, 111)
(372, 119)           (39, 245, 107)
(397, 119)           (135, 114, 56)
(437, 119)           (137, 170, 4)
(455, 119)           (20, 99, 10)
(75, 120)            (228, 29, 95)
(158, 120)           (196, 78, 163)
(314, 120)           (35, 222, 162)
(178, 121)           (84, 162, 223)
(308, 121)           (73, 85, 17)
(332, 121)           (96, 163, 98)
(444, 121)           (237, 150, 170)
(368, 122)           (155, 128, 74)
(43, 123)            (229, 8, 140)
(65, 123)            (39, 245, 107)
(194, 123)           (246, 46, 195)
(284, 123)           (100, 206, 168)
(40, 124)            (183, 17, 208)
(47, 124)            (215, 44, 63)
(223, 124)           (245, 135, 183)
(245, 124)           (238, 52, 65)
(409, 124)           (236, 53, 164)
(428, 124)           (211, 15, 42)
(19, 125)            (61, 94, 78)
(33, 125)            (83, 225, 170)
(40, 125)            (236, 162, 136)
(45, 125)            (184, 86, 188)
(141, 125)           (25, 157, 128)
(186, 125)           (166, 160, 228)
(335, 125)           (15, 90, 54)
(435, 125)           (199, 132, 68)
(436, 125)           (191, 190, 212)
(151, 126)           (114, 51, 175)
(192, 126)           (207, 247, 121)
(261, 126)           (29, 236, 237)
(42, 127)            (198, 6, 28)
(62, 127)            (230, 253, 195)
(401, 127)           (188, 200, 239)
(410, 127)           (178, 8, 207)
(450, 127)           (165, 182, 100)
(81, 128)            (134, 40, 60)
(239, 128)           (214, 45, 119)
(291, 128)           (180, 111, 31)
(317, 128)           (116, 154, 136)
(137, 129)           (67, 218, 147)
(390, 129)           (206, 28, 15)
(460, 129)           (223, 24, 129)
(15, 130)            (124, 44, 131)
(46, 130)            (74, 141, 241)
(131, 131)           (180, 10, 248)
(139, 131)           (82, 143, 120)
(315, 131)           (89, 14, 142)
(317, 131)           (49, 125, 50)
(403, 131)           (136, 74, 57)
(422, 131)           (232, 200, 68)
(30, 132)            (137, 114, 4)
(139, 132)           (247, 164, 61)
(270, 132)           (238, 94, 175)
(341, 132)           (42, 97, 169)
(358, 132)           (7, 63, 103)
(424, 132)           (120, 138, 115)
(220, 133)           (91, 142, 247)
(226, 133)           (234, 80, 224)
(392, 133)           (38, 167, 4)
(465, 133)           (157, 174, 98)
(285, 134)           (52, 156, 4)
(292, 134)           (217, 250, 15)
(21, 135)            (184, 86, 188)
(162, 135)           (111, 25, 235)
(379, 135)           (137, 158, 119)
(426, 135)           (194, 167, 30)
(446, 135)           (131, 104, 54)
(448, 135)           (235, 32, 123)
(15, 136)            (19, 228, 150)
(48, 136)            (30, 179, 228)
(285, 136)           (4, 234, 229)
(140, 137)           (12, 12, 170)
(145, 137)           (251, 142, 18)
(384, 137)           (133, 208, 11)
(47, 138)            (92, 32, 33)
(333, 138)           (109, 157, 4)
(467, 138)           (240, 22, 164)
(382, 139)           (28, 190, 110)
(215, 140)           (192, 1, 8)
(218, 140)           (121, 237, 56)
(243, 140)           (48, 33, 194)
(246, 141)           (232, 100, 198)
(91, 142)            (43, 186, 81)
(93, 142)            (245, 233, 127)
(139, 142)           (122, 7, 254)
(105, 143)           (33, 69, 225)
(207, 143)           (179, 123, 172)
(327, 143)           (163, 6, 240)
(346, 143)           (210, 88, 151)
(350, 143)           (29, 195, 15)
(374, 143)           (136, 154, 108)
(5, 144)             (75, 219, 29)
(18, 144)            (56, 208, 201)
(119, 144)           (170, 152, 224)
(77, 145)            (247, 17, 81)
(236, 145)           (198, 6, 28)
(331, 145)           (50, 129, 228)
(359, 145)           (188, 82, 188)
(458, 145)           (134, 215, 4)
(24, 147)            (206, 215, 16)
(84, 147)            (170, 152, 224)
(249, 147)           (57, 245, 88)
(165, 148)           (145, 62, 110)
(246, 148)           (47, 123, 187)
(338, 148)           (167, 27, 243)
(452, 148)           (105, 92, 48)
(55, 150)            (119, 116, 158)
(82, 150)            (180, 10, 248)
(103, 150)           (188, 239, 150)
(295, 150)           (136, 225, 20)
(383, 150)           (238, 52, 65)
(148, 151)           (85, 123, 184)
(204, 151)           (227, 201, 236)
(346, 151)           (9, 189, 100)
(100, 152)           (114, 20, 188)
(338, 152)           (222, 249, 107)
(50, 153)            (63, 188, 185)
(150, 153)           (142, 203, 22)
(204, 153)           (134, 224, 89)
(239, 153)           (151, 117, 248)
(311, 153)           (96, 220, 110)
(355, 153)           (122, 7, 36)
(382, 153)           (122, 188, 55)
(406, 153)           (211, 62, 26)
(84, 154)            (197, 47, 62)
(174, 154)           (157, 99, 192)
(317, 154)           (129, 159, 80)
(436, 154)           (118, 180, 185)
(438, 154)           (84, 162, 223)
(448, 154)           (24, 161, 133)
(29, 155)            (183, 222, 21)
(89, 155)            (62, 23, 180)
(103, 155)           (49, 125, 50)
(224, 155)           (155, 209, 165)
(258, 155)           (125, 129, 31)
(441, 155)           (50, 19, 242)
(458, 155)           (25, 28, 163)
(466, 155)           (41, 45, 229)
(45, 156)            (149, 209, 69)
(166, 156)           (68, 127, 68)
(179, 156)           (242, 159, 218)
(342, 156)           (85, 127, 27)
(441, 156)           (174, 70, 248)
(466, 156)           (34, 68, 41)
(74, 157)            (169, 34, 160)
(112, 157)           (197, 19, 200)
(132, 157)           (75, 219, 29)
(159, 157)           (198, 116, 109)
(169, 157)           (120, 51, 151)
(225, 157)           (126, 119, 1)
(238, 157)           (224, 4, 87)
(388, 157)           (65, 133, 185)
(412, 157)           (78, 73, 240)
(464, 157)           (30, 179, 228)
(58, 158)            (81, 6, 157)
(120, 158)           (180, 223, 163)
(127, 158)           (190, 15, 208)
(159, 158)           (29, 8, 200)
(213, 158)           (213, 50, 214)
(355, 158)           (170, 229, 4)
(463, 158)           (216, 152, 11)
(181, 159)           (18, 235, 116)
(195, 159)           (180, 106, 233)
(333, 159)           (251, 142, 18)
(345, 159)           (206, 33, 224)
(367, 159)           (213, 37, 200)
(387, 159)           (93, 117, 93)
(143, 160)           (241, 94, 87)
(156, 160)           (115, 40, 128)
(192, 160)           (228, 29, 95)
(195, 160)           (91, 142, 247)
(426, 160)           (71, 137, 65)
(102, 161)           (204, 61, 20)
(144, 161)           (184, 124, 4)
(8, 162)             (165, 87, 25)
(243, 162)           (250, 40, 229)
(361, 162)           (83, 251, 218)
(398, 162)           (66, 51, 18)
(467, 162)           (56, 67, 4)
(43, 163)            (67, 225, 249)
(65, 163)            (109, 127, 214)
(74, 163)            (219, 83, 4)
(264, 163)           (247, 56, 168)
(382, 163)           (52, 156, 4)
(385, 163)           (247, 17, 81)
(63, 164)            (110, 87, 102)
(96, 164)            (199, 132, 68)
(121, 164)           (164, 3, 163)
(136, 164)           (251, 123, 211)
(298, 164)           (114, 142, 51)
(347, 164)           (80, 160, 5)
(379, 164)           (76, 138, 94)
(58, 165)            (125, 205, 14)
(78, 165)            (148, 25, 187)
(112, 165)           (119, 116, 158)
(374, 165)           (192, 249, 29)
(22, 166)            (149, 23, 248)
(249, 166)           (254, 254, 99)
(387, 166)           (66, 51, 18)
(414, 166)           (105, 92, 48)
(48, 167)            (235, 50, 77)
(107, 167)           (49, 73, 56)
(201, 167)           (240, 213, 233)
(272, 167)           (82, 234, 232)
(332, 167)           (48, 57, 191)
(402, 167)           (129, 159, 80)
(405, 167)           (232, 185, 86)
(156, 168)           (108, 75, 189)
(252, 168)           (224, 67, 83)
(388, 168)           (108, 219, 254)
(425, 168)           (161, 165, 120)
(460, 168)           (215, 151, 120)
(118, 169)           (92, 79, 145)
(389, 169)           (23, 202, 4)
(105, 170)           (187, 71, 103)
(146, 170)           (102, 33, 91)
(253, 170)           (155, 209, 165)
(327, 170)           (77, 79, 198)
(413, 170)           (30, 162, 89)
(59, 171)            (52, 117, 30)
(218, 171)           (172, 232, 33)
(417, 171)           (122, 220, 56)
(36, 172)            (134, 138, 53)
(165, 172)           (143, 162, 98)
(174, 172)           (181, 11, 26)
(281, 172)           (182, 110, 0)
(361, 172)           (80, 220, 250)
(58, 174)            (14, 137, 65)
(223, 174)           (116, 154, 136)
(440, 174)           (217, 154, 168)
(179, 175)           (77, 251, 229)
(242, 175)           (106, 134, 84)
(315, 175)           (78, 121, 4)
(441, 175)           (127, 185, 147)
(467, 175)           (183, 17, 208)
(122, 176)           (195, 167, 165)
(390, 176)           (18, 235, 38)
(126, 177)           (78, 121, 4)
(147, 177)           (202, 214, 43)
(240, 178)           (146, 198, 54)
(268, 178)           (67, 218, 147)
(291, 178)           (151, 117, 248)
(310, 178)           (203, 166, 231)
(130, 179)           (149, 90, 193)
(329, 179)           (143, 14, 4)
(460, 179)           (166, 46, 75)
(465, 179)           (249, 32, 52)
(18, 180)            (49, 62, 186)
(65, 180)            (50, 19, 242)
(133, 180)           (211, 62, 26)
(144, 180)           (98, 206, 237)
(184, 180)           (134, 215, 4)
(375, 180)           (157, 49, 221)
(377, 180)           (37, 203, 192)
(466, 180)           (121, 231, 236)
(88, 181)            (228, 46, 4)
(340, 181)           (67, 244, 28)
(184, 182)           (104, 47, 233)
(329, 182)           (235, 32, 123)
(332, 182)           (73, 249, 1)
(336, 182)           (61, 110, 106)
(70, 183)            (64, 71, 113)
(218, 183)           (10, 222, 39)
(455, 183)           (46, 106, 17)
(72, 184)            (138, 135, 3)
(253, 184)           (77, 251, 229)
(271, 184)           (217, 19, 114)
(303, 184)           (183, 184, 21)
(373, 184)           (106, 212, 4)
(10, 185)            (235, 79, 115)
(180, 185)           (136, 225, 20)
(387, 185)           (86, 69, 223)
(444, 185)           (192, 94, 40)
(229, 186)           (234, 102, 4)
(293, 186)           (68, 127, 68)
(321, 186)           (33, 143, 4)
(370, 186)           (48, 57, 191)
(408, 186)           (10, 125, 21)
(427, 186)           (202, 210, 20)
(207, 187)           (18, 29, 128)
(286, 187)           (14, 137, 65)
(358, 187)           (68, 218, 57)
(173, 188)           (156, 5, 157)
(209, 188)           (217, 154, 168)
(262, 188)           (63, 188, 185)
(342, 188)           (229, 151, 133)
(412, 188)           (223, 159, 155)
(312, 189)           (172, 130, 4)
(377, 189)           (214, 168, 183)
(396, 190)           (60, 131, 4)
(419, 190)           (18, 143, 169)
(0, 191)             (8, 222, 21)
(161, 191)           (166, 117, 159)
(165, 191)           (238, 94, 175)
(413, 191)           (93, 17, 114)
(55, 192)            (206, 33, 224)
(350, 192)           (214, 27, 127)
(374, 192)           (215, 9, 167)
(167, 193)           (111, 235, 154)
(247, 193)           (143, 53, 50)
(355, 193)           (117, 23, 246)
(362, 193)           (131, 104, 54)
(434, 193)           (77, 217, 4)
(3, 194)             (118, 94, 166)
(14, 194)            (209, 62, 153)
(150, 194)           (141, 171, 137)
(192, 194)           (44, 16, 129)
(372, 194)           (5, 46, 50)
(131, 195)           (1, 247, 218)
(302, 195)           (129, 112, 165)
(324, 195)           (83, 161, 133)
(331, 195)           (159, 82, 186)
(365, 195)           (211, 15, 42)
(116, 196)           (236, 53, 164)
(187, 196)           (70, 195, 2)
(277, 196)           (206, 28, 15)
(361, 196)           (27, 189, 10)
(59, 197)            (138, 135, 3)
(115, 197)           (101, 147, 140)
(125, 197)           (234, 194, 32)
(126, 197)           (90, 183, 88)
(54, 198)            (184, 122, 38)
(101, 198)           (90, 183, 88)
(131, 198)           (135, 85, 207)
(383, 198)           (149, 121, 184)
(418, 198)           (143, 53, 50)
(212, 199)           (115, 154, 62)
(43, 200)            (118, 22, 155)
(233, 200)           (191, 140, 44)
(270, 200)           (232, 165, 34)
(347, 200)           (97, 253, 125)
(60, 201)            (18, 29, 128)
(195, 201)           (145, 0, 74)
(412, 201)           (9, 189, 100)
(434, 201)           (96, 107, 248)
(52, 202)            (114, 143, 174)
(153, 202)           (243, 191, 1)
(291, 202)           (180, 223, 163)
(398, 202)           (139, 64, 218)
(8, 203)             (94, 17, 27)
(111, 203)           (129, 246, 179)
(165, 203)           (190, 15, 208)
(168, 203)           (235, 19, 27)
(309, 203)           (74, 31, 103)
(416, 203)           (60, 233, 35)
(38, 204)            (168, 193, 4)
(126, 204)           (7, 79, 185)
(245, 204)           (80, 165, 254)
(379, 204)           (19, 228, 150)
(60, 205)            (219, 187, 127)
(229, 205)           (231, 75, 34)
(8, 206)             (227, 201, 236)
(60, 206)            (58, 85, 4)
(146, 206)           (221, 87, 226)
(349, 206)           (161, 97, 9)
(98, 207)            (188, 33, 36)
(154, 207)           (30, 162, 89)
(205, 207)           (125, 252, 164)
(278, 207)           (161, 97, 9)
(327, 207)           (75, 112, 4)
(461, 207)           (143, 173, 241)
(0, 208)             (167, 27, 243)
(1, 208)             (150, 69, 245)
(12, 208)            (163, 224, 108)
(48, 208)            (151, 179, 46)
(166, 208)           (83, 213, 203)
(311, 208)           (236, 162, 136)
(77, 209)            (234, 102, 4)
(412, 209)           (116, 39, 4)
(364, 210)           (133, 151, 217)
(425, 210)           (168, 201, 4)
(27, 211)            (76, 139, 78)
(136, 211)           (88, 214, 121)
(179, 211)           (6, 27, 217)
(437, 211)           (145, 225, 44)
(2, 212)             (176, 130, 153)
(142, 212)           (129, 246, 179)
(260, 212)           (71, 137, 65)
(284, 212)           (68, 184, 98)
(296, 212)           (64, 71, 113)
(452, 212)           (26, 9, 55)
(18, 213)            (88, 128, 86)
(162, 213)           (134, 40, 60)
(286, 213)           (136, 154, 108)
(460, 213)           (77, 217, 4)
(104, 214)           (72, 74, 202)
(158, 214)           (111, 235, 154)
(229, 214)           (150, 69, 245)
(314, 214)           (94, 138, 164)
(336, 214)           (34, 14, 198)
(426, 214)           (214, 45, 119)
(348, 215)           (143, 173, 241)
(367, 215)           (80, 10, 132)
(388, 215)           (62, 86, 84)
(285, 216)           (115, 224, 242)
(300, 216)           (52, 207, 253)
(351, 216)           (30, 150, 131)
(468, 216)           (65, 133, 185)
(27, 217)            (151, 180, 80)
(314, 217)           (196, 78, 163)
(411, 217)           (210, 9, 176)
(352, 218)           (250, 195, 197)
(425, 218)           (169, 171, 21)
(108, 219)           (109, 138, 20)
(186, 219)           (91, 50, 132)
(219, 219)           (24, 89, 165)
(16, 220)            (120, 68, 253)
(462, 220)           (41, 45, 229)
(95, 221)            (120, 51, 151)
(250, 221)           (112, 92, 148)
(339, 221)           (144, 99, 245)
(69, 222)            (162, 52, 173)
(75, 222)            (13, 232, 4)
(147, 222)           (165, 182, 100)
(178, 222)           (83, 213, 203)
(244, 222)           (28, 190, 110)
(329, 222)           (16, 83, 85)
(387, 222)           (36, 203, 122)
(39, 223)            (220, 190, 165)
(125, 223)           (204, 163, 102)
(227, 223)           (18, 235, 38)
(288, 223)           (8, 93, 212)
(342, 223)           (235, 19, 27)
(401, 223)           (106, 212, 4)
(145, 224)           (208, 48, 220)
(249, 224)           (19, 212, 172)
(315, 224)           (171, 103, 213)
(172, 225)           (172, 232, 33)
(430, 225)           (134, 138, 53)
(74, 226)            (18, 143, 169)
(121, 226)           (118, 180, 185)
(255, 226)           (143, 23, 214)
(342, 226)           (55, 82, 145)
(441, 226)           (202, 214, 43)
(74, 227)            (166, 159, 166)
(128, 227)           (215, 44, 63)
(196, 227)           (197, 19, 200)
(219, 227)           (42, 35, 200)
(245, 227)           (137, 114, 4)
(0, 228)             (218, 235, 157)
(199, 228)           (91, 203, 4)
(302, 228)           (82, 234, 232)
(400, 228)           (109, 157, 4)
(137, 229)           (201, 14, 89)
(193, 229)           (138, 80, 47)
(237, 229)           (144, 90, 79)
(267, 229)           (243, 124, 107)
(466, 229)           (202, 122, 146)
(95, 230)            (76, 164, 208)
(210, 230)           (155, 187, 17)
(365, 230)           (204, 56, 143)
(367, 230)           (37, 203, 192)
(106, 231)           (249, 237, 226)
(157, 231)           (156, 244, 145)
(261, 231)           (224, 4, 87)
(399, 231)           (24, 161, 133)
(47, 232)            (206, 32, 251)
(264, 232)           (104, 41, 161)
(301, 232)           (12, 164, 218)
(107, 233)           (244, 198, 212)
(176, 233)           (183, 184, 21)
(157, 234)           (45, 129, 246)
(206, 234)           (118, 68, 43)
(228, 234)           (52, 209, 208)
(239, 234)           (252, 172, 103)
(360, 234)           (71, 214, 22)
(407, 234)           (206, 196, 197)
(104, 235)           (115, 154, 62)
(105, 235)           (55, 2, 4)
(150, 235)           (19, 170, 7)
(211, 235)           (152, 43, 159)
(258, 235)           (166, 46, 75)
(337, 235)           (232, 185, 86)
(39, 236)            (88, 129, 190)
(286, 236)           (133, 80, 80)
(327, 236)           (57, 245, 88)
(367, 236)           (143, 14, 4)
(388, 236)           (96, 176, 184)
(460, 236)           (91, 203, 4)
(56, 237)            (219, 88, 60)
(273, 237)           (142, 203, 22)
(319, 237)           (41, 221, 10)
(322, 237)           (210, 9, 176)
(323, 237)           (210, 65, 113)
(364, 237)           (89, 35, 215)
(412, 237)           (6, 11, 4)
(463, 237)           (111, 25, 235)
(95, 238)            (180, 106, 233)
(283, 238)           (231, 75, 34)
(308, 238)           (100, 231, 25)
(18, 239)            (76, 135, 146)
(139, 239)           (108, 165, 17)
(215, 239)           (139, 64, 218)
(120, 240)           (155, 187, 17)
(186, 240)           (172, 130, 4)
(189, 240)           (10, 122, 189)
(199, 240)           (176, 130, 153)
(379, 240)           (158, 114, 230)
(393, 240)           (83, 251, 218)
(417, 240)           (32, 52, 178)
(14, 241)            (173, 44, 228)
(160, 241)           (10, 122, 189)
(180, 241)           (114, 159, 192)
(273, 241)           (138, 127, 227)
(327, 241)           (174, 70, 248)
(336, 241)           (25, 28, 163)
(386, 241)           (33, 69, 225)
(138, 242)           (89, 14, 142)
(187, 242)           (6, 11, 4)
(272, 242)           (212, 132, 232)
(27, 243)            (179, 123, 172)
(61, 243)            (135, 114, 56)
(438, 243)           (5, 82, 238)
(181, 244)           (118, 94, 166)
(392, 244)           (100, 231, 25)
(400, 244)           (41, 152, 205)
(136, 245)           (177, 93, 140)
(278, 245)           (228, 226, 73)
(307, 245)           (205, 87, 192)
(62, 246)            (30, 48, 0)
(124, 246)           (71, 214, 22)
(156, 246)           (5, 82, 238)
(169, 246)           (244, 49, 4)
(179, 246)           (253, 226, 9)
(202, 246)           (114, 238, 173)
(332, 246)           (190, 219, 5)
(343, 246)           (205, 168, 71)
(351, 246)           (165, 87, 25)
(57, 247)            (79, 81, 5)
(157, 247)           (197, 84, 164)
(165, 247)           (79, 81, 5)
(218, 247)           (94, 17, 27)
(108, 248)           (30, 242, 4)
(110, 248)           (73, 249, 1)
(277, 248)           (232, 100, 198)
(335, 248)           (53, 126, 223)
(63, 249)            (204, 61, 20)
(93, 249)            (157, 222, 66)
(220, 249)           (107, 83, 226)
(233, 249)           (207, 247, 121)
(425, 249)           (122, 7, 254)
(12, 250)            (61, 94, 78)
(163, 250)           (11, 15, 114)
(198, 250)           (101, 241, 203)
(200, 250)           (209, 62, 153)
(203, 250)           (199, 75, 98)
(259, 250)           (194, 75, 4)
(356, 251)           (241, 217, 113)
(66, 252)            (55, 2, 4)
(352, 252)           (86, 33, 19)
(366, 252)           (165, 26, 102)
(22, 253)            (218, 122, 82)
(180, 253)           (213, 248, 203)
(200, 253)           (76, 135, 146)
(249, 253)           (227, 119, 91)
(413, 253)           (11, 15, 114)
(212, 254)           (234, 80, 224)
(326, 254)           (73, 85, 17)
(344, 254)           (93, 85, 21)
(407, 254)           (129, 108, 98)
(421, 254)           (135, 85, 207)
(436, 254)           (246, 46, 195)
(122, 255)           (17, 141, 20)
(150, 255)           (141, 135, 4)
(361, 255)           (217, 73, 56)
(23, 256)            (206, 5, 230)
(135, 256)           (24, 4, 179)
(183, 256)           (217, 19, 114)
(206, 256)           (25, 157, 128)
(410, 256)           (60, 131, 4)
(425, 256)           (190, 156, 23)
(29, 257)            (139, 81, 4)
(69, 257)            (242, 159, 218)
(334, 257)           (243, 124, 107)
(69, 258)            (101, 105, 38)
(121, 258)           (254, 254, 99)
(127, 258)           (125, 252, 164)
(176, 258)           (109, 138, 20)
(298, 258)           (157, 99, 192)
(447, 258)           (29, 8, 200)
(458, 258)           (48, 188, 185)
(110, 259)           (141, 135, 4)
(200, 259)           (34, 68, 41)
(258, 259)           (1, 247, 218)
(319, 259)           (192, 94, 40)
(432, 259)           (147, 193, 140)
(437, 259)           (176, 204, 70)
(2, 260)             (187, 71, 103)
(123, 260)           (124, 59, 174)
(239, 260)           (158, 114, 230)
(358, 260)           (104, 41, 161)
(41, 261)            (146, 198, 54)
(114, 262)           (129, 112, 165)
(241, 262)           (68, 184, 98)
(297, 262)           (114, 20, 188)
(414, 262)           (15, 90, 54)
(269, 263)           (13, 206, 132)
(297, 263)           (11, 142, 4)
(34, 264)            (82, 143, 120)
(58, 264)            (214, 168, 183)
(258, 264)           (83, 225, 170)
(362, 264)           (123, 10, 75)
(377, 264)           (157, 49, 221)
(100, 265)           (93, 17, 114)
(218, 265)           (88, 214, 121)
(237, 265)           (206, 93, 111)
(421, 265)           (19, 170, 7)
(185, 266)           (218, 23, 122)
(46, 267)            (175, 216, 224)
(373, 267)           (119, 54, 210)
(5, 268)             (180, 111, 31)
(136, 268)           (151, 86, 68)
(200, 268)           (171, 241, 112)
(260, 268)           (162, 52, 173)
(301, 268)           (131, 219, 177)
(390, 268)           (214, 27, 127)
(178, 269)           (75, 70, 4)
(193, 269)           (229, 59, 92)
(210, 269)           (84, 223, 174)
(310, 269)           (139, 240, 26)
(125, 270)           (230, 253, 195)
(390, 270)           (44, 16, 129)
(446, 270)           (86, 134, 46)
(293, 271)           (46, 98, 153)
(19, 272)            (40, 41, 20)
(221, 272)           (164, 231, 234)
(201, 273)           (15, 102, 61)
(444, 273)           (151, 179, 46)
(322, 274)           (149, 23, 248)
(373, 274)           (233, 221, 210)
(384, 274)           (145, 0, 74)
(80, 275)            (15, 102, 61)
(92, 275)            (56, 198, 219)
(183, 275)           (146, 74, 191)
(411, 275)           (206, 196, 197)
(11, 276)            (104, 47, 233)
(46, 276)            (114, 51, 175)
(286, 276)           (156, 244, 145)
(328, 276)           (170, 229, 4)
(373, 276)           (93, 203, 65)
